32
0
0
6
0
0
0
0
22
16
12
0
1
10
5
21
14
0
2
3
1
43
0
5
9
2
8
1
0
1
0
1
0
1
0
8
0
0
6
0
2
8
15
5
2
0
0
1
0
1
0
11
11
0
0
2
58
4
9
13
3
9
27
29
14
2
3
1
24
4
0
1
9
9
7
4
4
12
4
7
38
5
0
31
3
1
6
5
0
14
4
1
18
6
2
8
7
9
1
3
6
4
0
16
0
7
4
1
2
3
5
5
0
16
2
0
3
8
0
7
3
6
9
2
2
7
7
0
1
8
5
7
6
2
5
7
1
6
4
6
3
8
2
7
3
0
6
2
1
2
1
9
3
1
5
1
0
8
6
10
17
6
0
0
2
2
38
3
5
11
0
7
3
4
5
3
10
0
1
5
0
11
2
8
1
10
4
5
6
1
0
4
5
8
1
1
5
13
10
2
26
27
0
28
23
0
35
12
0
7
31
1
11
6
1
0
0
10
20
25
50
44
0
18
4
9
24
62
0
1
8
1
0
4
2
2
0
5
0
0
0
3
3
2
15
13
0
0
55
0
56
8
0
8
5
4
4
1
0
0
0
0
3
4
3
1
0
4
0
4
3
6
0
3
5
5
0
0
1
0
0
0
5
6
5
1
1
2
1
6
0
14
9
2
0
6
0
13
6
7
11
10
7
0
2
10
5
1
16
3
1
7
3
10
4
11
14
33
3
8
7
5
35
2
0
32
6
3
7
4
4
3
4
12
1
1
2
0
7
6
8
3
6
3
0
0
12
0
7
2
8
3
11
5
0
0
1
0
1
1
0
9
1
1
27
32
0
33
0
8
4
3
57
1
12
51
52
48
51
34
36
0
6
14
2
7
2
17
39
46
14
0
29
28
0
41
40
0
45
9
22
28
0
5
1
3
1
0
5
3
12
0
3
0
3
6
2
4
1
0
4
1
0
6
12
0
5
1
1
0
1
0
6
9
1
2
11
1
3
16
11
0
1
2
14
2
0
0
1
6
1
0
5
7
0
7
8
14
17
7
14
15
6
5
4
6
19
10
7
1
0
0
13
7
1
3
0
11
2
0
1
3
13
0
10
11
9
0
1
9
2
1
1
0
11
12
0
15
18
9
19
44
48
20
25
5
47
37
49
4
36
1
17
38
42
7
4
3
4
7
13
2
5
46
4
0
39
0
33
20
22
1
1
9
1
30
48
23
1
10
0
1
0
1
29
59
10
0
2
1
54
44
8
30
17
11
7
3
5
0
2
0
5
2
8
0
13
2
41
0
7
49
45
0
23
11
34
20
20
0
6
0
2
5
0
15
9
0
11
0
0
4
2
0
4
0
0
1
5
0
19
1
11
13
18
4
6
3
0
1
2
4
2
0
2
8
0
6
2
0
2
2
14
23
34
4
26
12
0
1
8
11
24
1
18
0
2
9
0
0
5
4
1
0
12
1
1
3
0
2
1
6
4
4
0
0
43
15
5
0
3
6
10
19
11
0
2
7
7
1
1
0
1
3
6
1
0
43
12
3
13
3
0
0
2
8
16
2
10
0
1
0
1
0
3
4
1
0
0
1
0
50
1
14
1
0
6
13
5
12
6
2
7
31
9
0
4
8
1
0
0
1
16
47
43
3
40
42
5
0
2
0
2
25
16
16
17
2
2
10
0
0
1
8
0
6
5
6
46
3
0
9
12
2
0
15
2
6
7
1
2
3
0
4
8
0
3
10
9
2
3
4
9
7
0
0
0
0
23
1
5
6
1
5
1
5
3
7
10
0
10
25
0
0
0
0
31
47
19
7
4
2
1
0
9
17
3
1
1
0
8
0
3
21
6
2
29
1
0
2
8
0
0
2
1
3
2
3
0
2
1
0
0
1
1
0
1
0
3
0
1
3
1
1
2
0
1
4
0
1
0
2
7
0
1
1
0
0
1
0
1
0
1
0
1
0
1
0
7
3
1
5
8
21
15
17
9
4
1
8
8
21
21
1
8
4
0
8
1
1
32
21
16
35
23
2
1
0
10
3
0
1
4
44
4
5
0
53
37
0
39
3
38
41
3
24
26
60
42
61
6
5
4
14
21
0
1
0
53
30
3
0
13
0
1
25
3
0
1
0
1
0
1
0
1
39
0
21
8
1
5
0
8
0
2
4
0
21
0
1
0
1
0
1
15
1
5
6
5
8
5
0
8
1
1
9
53
53
18
6
9
22
0
1
0
1
0
1
0
1
2
0
0
1
0
1
0
1
1
6
9
2
2
3
