32
0
37
51
8
0
1
10
72
0
5
0
2
1
58
9
35
15
2
33
59
6
0
24
43
28
11
0
75
32
60
0
53
55
23
7
40
22
10
56
0
0
27
0
0
34
19
19
23
0
0
18
0
19
0
22
1
34
0
57
58
13
0
1
0
1
0
40
1
0
214
1
42
2
16
97
30
29
54
2
24
27
14
0
30
17
0
18
19
20
0
0
7
8
15
36
37
38
17
23
31
26
27
0
26
1
52
0
0
1
0
1
0
1
0
1
0
1
0
1
0
1
0
1
0
1
0
1
0
1
0
1
2
1
5
0
10
27
45
14
1
0
5
6
1
0
1
54
9
105
22
20
41
42
5
18
12
35
8
0
15
2
25
92
35
0
31
54
3
6
5
11
0
46
0
16
0
1
2
5
6
38
43
15
59
200
0
51
200
7
22
18
0
122
153
55
0
6
79
170
61
3
194
169
26
23
56
14
22
114
0
5
170
81
4
81
0
38
216
136
12
14
0
39
210
3
193
11
0
27
153
153
28
4
0
105
13
106
43
31
34
107
121
61
13
1
13
56
38
36
1
19
12
11
7
30
33
2
17
0
1
201
0
13
2
1
1
35
2
1
1
0
0
1
0
1
7
44
15
31
4
33
1
13
13
15
28
12
16
30
70
26
75
42
2
5
2
16
34
10
18
9
25
17
209
0
131
125
5
5
0
8
0
9
2
0
0
0
1
28
0
6
33
41
28
21
25
9
13
38
1
18
27
17
4
6
0
5
31
15
32
27
0
16
11
29
30
25
0
1
0
28
199
0
0
15
21
26
8
13
21
32
22
109
21
12
17
3
4
13
6
21
1
24
14
3
15
17
71
31
48
2
6
26
14
1
2
19
12
14
0
0
1
0
1
0
1
13
0
10
12
32
0
29
0
1
216
10
37
45
22
23
9
14
4
12
20
4
1
13
0
16
25
11
61
13
2
1
37
14
27
2
11
0
69
64
11
0
3
62
25
7
24
19
12
24
0
1
97
0
10
16
35
25
27
8
26
0
26
22
1
9
11
18
0
23
2
16
29
34
12
23
14
15
25
0
6
0
1
34
23
8
20
0
2
9
9
1
28
9
0
21
71
39
13
30
0
36
17
18
30
15
29
3
4
0
0
0
1
22
22
5
3
26
31
28
28
0
1
63
7
4
31
32
1
23
28
13
29
4
17
1
0
1
0
10
4
39
15
8
5
8
11
10
3
0
35
3
33
24
11
18
26
27
12
7
0
26
0
10
0
9
15
10
21
3
24
2
14
0
19
0
5
8
34
0
9
3
17
21
4
6
20
30
7
14
9
12
21
22
40
3
5
13
10
32
26
0
1
0
22
0
32
10
0
5
3
0
6
0
18
0
6
0
8
22
41
23
8
10
43
48
7
7
9
23
15
3
44
21
10
17
42
2
8
4
9
0
62
0
53
30
22
6
20
13
11
17
12
20
0
1
21
40
31
32
6
14
19
6
27
33
3
9
7
43
19
13
28
11
28
25
16
32
11
29
9
0
1
0
1
25
19
6
16
6
20
16
32
13
0
1
13
0
1
0
12
24
30
35
4
5
0
20
16
35
31
11
0
0
12
2
20
11
19
39
8
20
20
24
36
23
3
37
0
23
0
24
3
18
4
23
14
34
5
8
0
0
1
0
29
38
7
19
29
22
20
0
7
31
5
10
0
0
2
21
70
63
4
128
221
92
171
120
175
1
132
51
159
172
164
0
50
70
67
28
127
0
3
176
40
113
23
100
14
87
4
157
0
84
33
160
117
17
11
14
19
0
1
17
78
154
115
0
1
110
155
42
123
127
151
217
65
138
8
0
1
32
47
58
0
4
1
2
0
0
104
137
0
177
218
0
178
0
215
74
0
175
58
187
73
59
70
104
173
82
189
29
5
111
219
38
10
41
1
205
183
172
8
0
54
30
0
117
30
0
1
171
121
212
179
187
102
70
41
116
0
36
18
0
67
68
69
0
2
3
29
2
14
5
15
0
34
35
23
24
1
2
1
19
6
7
0
1
12
1
4
1
12
8
36
0
39
1
5
6
5
13
14
15
15
16
17
9
10
11
13
12
12
13
7
14
22
4
8
14
1
60
5
86
0
30
36
17
25
1
33
31
0
9
11
12
67
83
2
88
5
26
37
134
105
76
12
9
27
2
7
3
16
6
31
0
9
6
5
7
9
19
12
21
25
24
20
13
19
7
6
1
25
15
16
17
10
4
4
15
6
21
20
21
15
7
34
8
25
17
26
48
2
16
24
32
6
16
18
22
30
3
25
10
5
31
16
0
30
4
8
24
8
14
10
19
32
7
22
15
29
41
0
38
20
36
9
0
40
30
10
17
1
24
5
6
27
14
14
32
22
23
4
36
31
5
13
28
23
12
7
13
0
1
40
33
14
9
12
6
0
23
9
0
28
34
0
19
22
31
10
18
33
0
11
15
21
0
28
27
7
0
13
0
8
16
13
18
26
31
39
24
9
18
4
5
23
29
42
19
57
15
17
21
16
0
3
20
12
13
9
16
29
20
11
33
30
39
34
25
17
43
14
25
1
3
21
17
19
0
25
0
10
0
8
12
49
10
8
11
43
1
21
2
8
2
11
8
20
35
24
26
33
36
4
26
33
12
32
44
45
4
15
0
1
35
6
121
27
46
18
18
20
27
3
0
1
10
1
12
1
6
35
33
22
13
13
0
7
36
0
14
46
10
22
0
42
2
0
20
28
30
0
5
19
6
7
4
15
17
11
0
13
16
21
9
22
37
36
7
29
12
24
30
19
29
40
7
0
18
1
5
8
36
5
0
4
9
30
3
6
2
8
7
34
23
27
2
11
0
24
3
25
6
13
12
77
11
0
12
26
27
0
1
0
14
18
28
23
15
5
4
2
18
12
3
15
0
0
8
8
1
2
1
10
103
14
0
31
20
12
1
37
10
2
11
19
7
10
23
25
4
17
4
16
0
1
0
32
2
0
12
3
5
1
11
30
0
22
0
0
2
1
14
9
27
11
26
14
3
27
19
8
30
8
17
37
3
0
0
29
0
0
1
0
1
0
1
0
1
0
1
0
1
0
1
0
1
0
1
0
1
0
1
3
9
1
0
17
48
8
0
225
3
0
6
8
6
8
226
118
91
14
96
173
218
0
82
0
199
20
176
161
163
9
1
103
189
83
188
0
181
7
209
0
0
3
0
1
190
180
100
154
37
6
71
35
162
22
186
0
1
202
12
94
115
203
76
52
10
114
93
166
5
0
109
99
13
142
2
162
210
156
181
1
35
198
15
101
48
132
11
20
147
138
46
167
132
197
142
19
205
69
42
55
139
95
196
188
1
129
31
72
21
165
88
0
1
192
2
126
209
0
170
36
27
163
92
57
128
3
174
140
17
72
57
0
1
81
77
178
0
73
158
123
204
0
1
0
1
16
112
89
0
146
157
0
44
146
0
88
30
0
74
195
184
196
4
1
50
68
0
24
124
28
5
0
6
1
5
6
7
8
4
18
38
0
0
1
0
22
39
33
25
5
20
21
26
0
42
25
60
0
12
12
9
10
11
2
1
5
1
0
0
8
3
11
0
0
25
0
7
12
1
13
18
2
0
4
4
2
1
0
2
3
1
56
0
28
28
0
3
5
0
21
12
6
34
35
0
40
40
41
0
87
0
1
75
0
1
30
63
64
84
85
27
5
7
6
0
50
2
0
14
1
0
51
1
21
50
51
42
43
44
50
30
31
32
33
45
5
28
6
7
8
31
0
1
37
17
18
27
5
14
12
52
45
46
58
0
1
18
48
0
70
71
80
84
1
85
81
76
103
77
4
0
1
4
52
53
6
4
9
2
12
12
0
3
4
0
29
0
1
4
13
1
0
31
30
0
23
3
4
0
1
6
0
7
20
35
36
37
16
5
18
19
20
0
47
54
15
10
19
3
38
24
5
1
19
0
0
82
83
8
78
0
1
0
0
61
4
62
112
10
11
12
13
46
33
0
25
29
26
27
20
2
3
48
15
17
18
7
0
42
0
50
0
74
89
22
20
21
0
35
67
0
22
11
13
21
31
36
37
27
31
45
44
0
6
0
8
2
0
36
41
52
32
43
14
15
0
8
16
17
0
18
19
1
0
1
5
7
0
10
30
23
28
0
20
53
17
1
14
0
45
100
97
98
99
15
2
8
0
17
18
19
20
0
2
4
0
1
1
0
21
22
0
29
0
14
23
24
25
5
38
39
5
6
8
0
7
0
0
16
23
7
0
17
11
26
1
47
15
40
41
42
77
0
25
0
93
116
76
0
158
28
0
78
131
46
0
62
0
148
126
58
5
1
11
35
0
1
0
1
125
67
69
26
0
25
16
141
0
94
71
147
64
185
32
113
0
55
89
38
0
36
101
0
160
0
74
45
83
164
10
218
0
0
61
100
191
1
48
39
188
206
28
115
31
207
152
3
11
0
0
6
0
0
9
4
6
16
5
24
3
47
5
29
1
13
3
9
21
15
9
5
6
1
124
129
174
21
0
182
0
0
32
5
0
97
0
155
31
0
186
126
125
10
0
137
113
23
87
142
165
208
98
24
0
148
57
49
0
14
0
0
1
11
3
8
0
4
4
3
0
195
197
211
46
4
0
206
155
73
0
10
101
143
0
224
53
112
1
25
0
0
1
13
0
201
107
179
168
26
0
50
116
213
0
17
1
95
183
123
96
1
0
1
0
32
5
0
16
19
8
3
2
16
4
18
19
20
0
0
6
0
139
27
145
111
8
8
222
223
24
6
7
102
13
103
21
3
9
35
0
22
40
16
17
2
4
12
13
14
3
11
12
0
1
10
6
11
13
16
1
2
3
0
4
48
49
4
50
0
5
6
11
40
41
42
43
0
19
20
21
22
0
11
26
34
38
0
39
217
219
0
220
6
27
7
195
196
42
23
24
26
129
0
88
193
194
201
8
9
12
20
15
16
17
18
25
34
6
105
106
113
95
96
184
8
96
0
198
200
0
14
18
0
27
28
29
52
1
0
53
0
15
0
2
3
86
87
20
30
7
16
18
1
53
54
50
5
0
69
1
21
23
0
0
1
30
0
70
8
8
18
4
13
15
20
0
4
0
3
7
17
21
23
24
6
47
32
48
30
0
28
29
30
31
0
2
11
13
4
6
0
7
44
3
10
11
0
27
20
27
28
21
29
63
64
65
3
6
0
35
0
149
150
156
29
49
51
92
93
3
10
23
2
3
3
26
34
39
2
0
24
0
21
26
28
0
4
7
0
18
0
29
0
27
0
9
14
17
20
0
7
21
15
2
0
1
0
14
26
12
1
15
28
30
29
49
54
55
52
0
14
15
17
19
4
16
0
17
0
20
0
6
8
9
10
1
51
0
53
19
0
133
134
13
120
184
0
84
85
2
135
159
0
186
214
3
19
36
40
207
0
211
212
213
27
28
29
0
16
21
0
35
52
101
108
47
59
91
3
27
105
106
107
72
1
73
45
0
166
182
202
26
63
64
16
30
32
14
0
5
6
3
10
3
4
7
26
28
18
1
12
14
17
25
41
1
15
15
20
6
9
21
10
44
1
0
3
12
1
9
3
27
5
26
12
1
6
2
1
3
4
5
1
26
10
27
1
39
7
40
41
1
17
19
16
0
1
1
20
1
0
5
9
5
1
8
2
6
51
3
108
48
12
0
2
0
0
65
67
0
68
14
0
13
1
24
3
9
0
16
13
35
24
91
102
0
5
0
14
18
1
39
30
1
0
0
7
8
25
26
6
27
4
27
28
0
1
0
1
2
1
0
0
11
12
0
13
1
8
9
98
99
124
0
1
38
39
15
16
17
0
5
18
198
144
117
13
16
111
6
85
13
84
2
14
21
38
123
0
76
77
17
28
29
26
44
56
13
16
19
3
15
16
1
4
9
16
20
34
51
54
1
6
5
51
22
27
31
2
11
13
18
43
25
0
1
0
5
8
1
0
1
2
22
1
5
7
0
8
0
33
35
0
1
11
14
15
0
45
46
0
0
35
0
36
1
48
80
146
0
1
34
35
3
15
16
5
0
51
0
104
167
0
130
141
195
193
196
0
48
61
20
21
22
0
4
0
27
0
20
22
49
3
63
18
37
84
85
8
0
28
3
25
3
9
10
9
16
19
0
1
1
2
0
9
5
7
8
9
3
4
8
0
0
1
2
9
35
0
3
4
17
0
0
1
2
0
15
16
17
2
1
3
9
41
41
0
5
13
26
0
1
42
57
55
3
193
0
0
53
108
3
166
2
161
0
9
135
177
148
159
174
16
8
34
0
90
0
91
0
1
2
3
1
62
86
4
5
6
37
8
133
144
202
145
133
134
7
2
3
60
8
52
13
14
0
20
54
0
62
13
19
5
6
44
1
49
0
52
61
62
8
20
21
3
5
12
6
17
18
19
14
34
45
46
13
14
4
0
22
23
24
32
33
34
35
0
7
14
25
2
137
0
178
149
0
150
0
22
0
22
23
24
14
43
15
32
33
205
12
14
37
38
0
2
0
49
11
47
48
0
1
8
56
18
25
33
1
4
81
44
0
49
5
46
8
7
10
22
0
55
5
45
46
47
0
42
44
0
5
6
11
7
0
7
8
13
6
7
12
16
1
47
0
48
33
26
3
29
42
3
25
4
0
16
7
22
0
3
0
4
1
36
13
38
39
13
23
0
24
0
2
0
41
42
45
0
10
13
1
30
31
32
3
12
0
108
109
110
0
7
13
5
7
10
17
2
45
46
47
8
10
8
8
9
67
68
38
2
21
37
38
39
19
4
4
39
29
0
10
11
9
10
28
11
12
0
19
22
0
10
11
0
0
17
29
0
144
2
0
0
1
39
45
42
78
79
80
0
118
119
24
1
1
12
3
108
5
109
201
7
0
107
114
10
9
10
91
162
23
0
23
24
12
0
0
8
46
3
0
0
8
9
23
24
25
5
1
8
35
37
5
10
19
12
11
15
4
1
2
4
8
23
31
17
21
22
23
24
18
0
26
37
1
18
1
0
3
37
4
0
78
79
80
0
31
10
18
19
1
29
71
73
31
33
4
61
11
1
15
29
8
10
6
0
9
0
0
5
0
2
19
130
3
43
3
0
8
4
3
3
0
27
2
2
1
5
6
0
0
1
2
6
2
20
0
9
3
12
0
1
2
10
4
7
0
1
0
15
4
5
0
1
4
0
0
1
5
0
3
6
4
4
0
1
0
5
0
7
13
11
2
1
0
1
31
21
6
0
9
1
0
1
0
2
7
6
24
0
3
1
3
8
16
0
0
1
5
2
14
1
9
0
3
1
0
2
2
0
1
0
2
0
1
0
1
0
1
0
1
3
0
0
1
0
1
0
1
0
1
0
1
0
1
0
1
0
1
0
1
0
1
0
1
0
1
7
2
0
1
0
1
0
1
0
1
0
1
0
1
0
1
0
1
0
1
0
1
0
1
1
0
0
1
23
31
0
1
0
5
0
0
1
28
0
47
0
0
1
0
37
1
4
14
7
3
55
22
0
22
3
62
5
4
56
11
8
9
1
3
2
4
1
6
0
4
3
28
29
14
7
0
21
10
41
0
3
0
5
27
3
15
13
0
3
6
0
55
3
12
4
3
55
101
55
0
90
0
97
0
49
143
4
0
74
161
98
37
82
99
3
59
119
110
10
0
15
28
21
0
0
44
3
0
191
7
2
178
120
1
25
15
4
167
140
136
219
106
220
34
28
47
217
42
43
44
47
2
202
203
204
0
41
26
3
23
0
5
8
28
10
29
16
0
21
5
13
0
65
66
5
16
17
0
1
3
0
43
9
87
131
45
43
158
118
199
194
128
0
14
0
0
180
54
0
216
93
68
55
45
112
0
1
1
0
227
168
32
135
0
41
228
33
151
59
233
66
44
66
112
11
59
40
19
61
234
34
75
122
89
75
29
6
69
44
86
0
85
229
68
0
215
0
0
230
29
190
36
180
0
0
231
0
0
1
0
169
0
0
208
151
0
53
232
214
152
32
60
0
1
18
0
182
21
0
210
43
90
1
0
7
4
4
1
11
0
1
44
49
72
73
55
15
50
49
0
0
10
11
11
0
1
0
4
0
8
4
4
0
0
1
0
1
0
1
0
1
0
1
0
1
0
1
0
1
0
1
0
1
0
1
0
1
1
2
4
20
43
4
3
88
6
0
182
17
182
2
127
1
0
26
43
2
32
18
11
17
40
9
8
1
5
0
19
49
7
1
0
0
165
102
185
100
182
66
3
60
18
21
30
94
95
5
2
55
56
0
10
0
0
1
0
1
0
1
0
1
0
1
0
1
0
1
0
1
0
1
0
1
0
21
3
57
9
182
17
21
46
4
6
165
166
44
5
0
192
3
14
1
8
3
17
4
26
11
3
0
3
29
11
33
2
34
43
3
36
1
21
29
38
74
67
25
0
0
1
0
185
94
55
165
163
102
3
30
165
44
185
38
0
41
8
25
16
57
79
104
0
79
43
0
5
0
1
0
1
0
66
0
1
0
19
0
1
0
1
0
1
0
1
0
1
0
1
0
1
0
1
0
1
0
1
0
1
0
1
0
1
0
1
0
1
0
1
0
1
0
1
0
1
0
1
0
1
0
1
0
1
0
1
0
40
0
0
1
6
81
192
18
40
111
21
13
0
192
34
3
17
137
111
8
104
8
72
7
6
192
